25246
21275
13693
25423
10648
15844
9328
22776
22203
16798
16811
27449
8563
3625
24840
22954
31524
31992
27793
19384
7076
403
22792
26916
23996
27156
27231
17027
27564
28586
18497
2495
15268
5913
25223
6805
23627
24888
9668
21270
4412
19314
32698
15398
16260
8262
13282
512
10789
6086
32744
15536
32406
18459
4140
2199
12608
26112
17475
28394
10755
21826
17267
7731
16559
2375
24891
29391
2443
13700
20937
20334
29138
19973
11906
17815
11313
22505
19069
3617
27978
2531
22280
20923
30773
15547
22562
16741
31481
11211
26879
32500
15127
1410
20616
21906
4607
19428
26072
16956
14745
1287
17599
19522
26814
15256
21059
11722
16316
20308
4378
19534
1237
5520
17969
281
12481
18866
27945
12750
19239
19893
31957
14561
5928
15016
31677
7708
4053
16688
25758
7964
13492
23042
23271
2001
9791
18026
12093
23297
4708
24774
13304
19141
28934
15627
24996
267
4218
6464
19329
14355
29195
7678
25604
8946
30327
28406
4435
9746
23152
2923
4557
24495
796
32435
12416
91
6805
24763
18865
29563
31849
9856
8023
22472
29211
17046
32160
18384
16289
5541
12139
29298
32740
12007
17100
870
20803
23723
7563
23474
21008
3285
24997
6710
27921
32092
8650
29729
30208
15563
26077
23929
5644
31425
32632
407
2134
10352
11877
2984
9844
26913
5414
16174
17650
21167
32109
24701
24524
32264
27812
27966
5877
26543
2151
9455
31443
8252
19205
24929
10433
19674
2051
16185
14219
30665
16537
5744
29686
12506
18483
17107
27957
32245
14578
15492
20853
7062
14376
119
6738
3403
2783
18677
2400
32312
31314
5660
29859
29076
2162
1629
25367
17193
29795
32509
31016
30680
3836
9365
13627
24082
24395
9106
31780
32352
5903
18614
30125
23516
22332
27028
14614
1206
17530
7448
18831
29360
27558
17405
25280
15266
30288
24917
5442
4599
12091
17156
13091
5422
22241
31301
3173
29274
18412
9252
31615
21667
27581
514
16859
9666
32489
25109
13399
7816
9655
22501
14276
10072
20644
17616
3434
2216
28895
12423
28546
27525
31949
29071
32186
10764
17542
9664
31157
28657
5718
31433
21384
11004
13117
18091
1598
19335
4976
28729
17493
21762
31445
10142
29759
15983
23947
28375
31970
8934
5216
29237
25112
16913
24920
12508
12591
20657
17453
30023
15722
6424
7881
7618
11390
27565
10702
13550
21270
24427
14607
23104
24912
25186
20501
31362
24382
6709
1691
22609
31078
5274
15633
25758
7491
18397
8477
26413
26049
25437
533
30489
22468
28685
30086
17230
28322
16629
19377
11021
30884
13231
21512
9835
17289
16618
29109
32466
6403
23786
20
22399
2872
10246
1844
1538
4419
28456
16474
15041
29616
31825
27262
31094
2307
14098
28364
25004
16946
5396
21796
18246
1831
23185
2202
6905
25407
10969
27639
8909
461
26830
15926
671
31383
26473
20232
5282
28248
27186
849
4569
29501
30155
10665
2718
20840
28774
7899
12063
3952
4683
17001
26587
20191
9811
15110
15914
30898
6767
2842
5299
14812
24610
30018
12275
20420
7427
12494
3772
9411
11068
28225
4787
15527
27149
11220
30930
28978
24138
23028
8676
32411
8920
20415
11020
24588
10549
3979
22078
31778
18925
23391
17092
8561
9509
6519
30138
21246
21268
2244
12946
25794
25733
17770
9105
26670
13143
7489
21072
26785
764
13397
28733
30707
28925
31078
28439
2798
13685
27240
26998
9680
13202
10500
23360
22731
23063
24341
10804
3205
21469
29484
32355
7832
2125
3341
27314
19986
27623
27183
25947
30710
8382
576
4201
9145
26362
31647
21054
24518
23893
28640
15888
28155
4510
75
19560
16426
24889
14941
25506
17561
10653
19525
12400
642
18644
2409
20055
1683
28159
16095
16432
8047
14799
22516
14504
27180
12045
21161
12992
11987
29460
1072
23118
3299
24145
11635
17531
30670
23754
24462
30787
890
7828
12368
18168
194
6235
16062
29887
27122
21470
1936
12560
8014
4208
2482
24378
29580
13176
15044
11998
2133
2290
19354
1136
31433
21484
15549
12729
24568
12042
17128
32343
4457
15618
31628
59
18838
10529
29004
17449
4206
30660
28802
17980
30674
9951
11192
14944
10265
7802
12336
9430
15501
28975
10845
17076
28651
27822
31335
16994
6375
31289
6315
19486
30373
20264
19000
23161
19777
28006
9556
25304
21064
29681
26101
19955
26940
16222
4680
16473
12308
23123
28461
13034
23482
15884
17593
23388
25739
25303
29363
25783
731
8343
21783
30681
31598
24389
30871
5106
15360
5994
7957
14089
18366
8870
5161
22134
29643
23596
20897
10085
29628
4420
29692
14169
13852
16840
32494
21671
4328
12455
29152
18167
15892
17509
11373
22471
10245
14233
8934
10983
1557
6510
25295
26366
18706
7714
26463
11779
22463
16266
15876
26053
6993
11660
31452
20580
23539
3747
32061
29909
27971
4191
1070
22370
10962
18402
4844
552
17576
25188
9575
23959
23486
9648
13506
22773
28291
16549
3030
25308
5464
27574
27567
12727
3859
22891
14
23625
7551
30429
9189
16935
12762
31806
30174
17464
26966
19790
15572
19772
22937
10727
7257
10818
11582
11890
6447
13105
4177
9328
28110
17216
27862
8946
12004
381
30531
32545
16336
31050
2817
3255
5926
731
22255
11908
21295
31674
23007
14058
7782
20292
12056
6241
25596
20265
10962
26100
21588
23535
18109
9154
14728
23919
24186
26493
7138
2903
15392
18671
13924
1446
29880
8816
15169
15667
5313
8561
26721
11303
7342
9973
27617
24190
19811
30738
6288
19083
17596
15988
27251
31089
27141
22746
23362
32682
10883
31640
1770
17795
1514
8467
8201
8094
27364
19016
13428
14191
25489
3910
16820
17343
4609
32687
6533
4397
31932
21306
5718
23208
11066
27188
8140
29174
4715
7675
32574
14384
20785
24961
1082
26179
15585
12751
30975
9584
15814
22144
26369
30669
31645
29250
11113
28867
23066
25432
23442
15758
17762
29722
31117
32192
20111
23411
30877
27582
6191
3426
4540
21825
4804
23418
26644
25558
2374
25955
32135
13662
32157
22870
30504
17551
21799
1189
12735
8561
21816
13360
9801
31202
28565
25841
7797
29203
24312
17521
14632
19721
5007
337
16122
25885
28541
27586
18103
29820
21335
26125
10719
11687
31401
9484
18727
9204
10350
16559
8438
1035
9115
5240
11752
7274
917
28671
8526
13794
19639
5999
26028
15384
23757
5127
29498
13828
10139
21658
29796
3701
17239
7695
14922
11404
17706
19426
320
23612
28083
24737
1358
1744
9604
26223
26289
15205
18851
8069
24153
1900
18442
1708
17002
7978
3112
8132
23227
22071
15198
6208
1369
26626
16771
14248
11013
4171
11616
8214
946
29608
23861
24249
11016
22529
31538
19541
1252
11540
18942
15809
29141
25841
16691
1128
21408
7295
31200
16073
25021
5109
27399
30966
19928
30562
30236
7448
14417
30502
17292
13290
29885
12407
28467
30009
7779
26077
1253
10347
31935
1973
19686
21749
14338
3250
26738
17123
23952
6743
15926
19284
13441
32127
14036
30971
25120
29397
18787
30880
24175
16220
22509
22941
14497
6377
23536
7777
11167
24227
25309
7408
644
8586
23196
12128
19745
31981
11781
13406
25721
16115
12649
24487
16197
24851
24327
23184
5746
20636
25495
13439
22942
1838
31427
9071
29599
29502
7081
5231
24316
12438
30043
3108
2674
4306
15198
22339
3440
29668
16942
2840
11419
28818
27577
22017
11851
19699
25567
8179
32524
18165
11513
31477
9758
11482
31823
25504
2550
17846
26272
20901
1211
2547
23709
6215
18633
11213
30574
5852
5425
28631
5420
14673
14903
21876
17766
18595
28115
3934
1437
2918
28720
19490
19911
13890
48
20130
27855
11377
8166
22162
13588
4162
10523
22780
30950
9113
12746
2236
22284
30829
16547
12036
22336
29001
20876
21465
22192
4556
10779
13972
17535
7976
32285
5731
11843
4262
25619
19141
7301
20513
6576
11281
16197
19079
6236
19440
27251
20571
31155
32222
25206
17973
11271
12205
30888
9537
30426
4610
30680
19388
20325
4310
24775
7546
32020
7158
30380
29794
3591
16259
7089
24816
7058
3187
32115
15026
24254
20751
4485
204
5318
8563
25070
2677
13211
12305
10662
1911
28257
30254
16669
20659
2544
11363
23221
2202
339
4893
3907
2997
31308
2845
14993
12574
2510
32249
10207
23301
18562
5785
3677
22316
14147
18875
23987
3948
29601
11888
23161
2605
15458
9885
2752
15089
17916
22395
29319
8906
24348
29207
8262
16608
25891
19410
2407
21228
2211
18146
14024
26047
25063
2767
16698
13756
21864
3319
7685
24409
18520
26891
15202
24483
9499
2447
27903
25783
12233
8286
10367
28233
10926
28452
4599
15905
19146
24546
22642
6297
31826
28014
25198
21793
30509
23536
19037
16059
9079
16742
11044
17535
19969
24096
15519
31255
11471
17733
16412
26692
13208
21837
15580
11608
14410
132
3221
28090
26500
25997
14322
5221
2330
14301
8977
25449
5268
30780
2564
21609
5551
32072
19793
18715
24795
19441
3698
3019
6075
16382
7254
8152
32168
1158
12254
25141
7214
23672
30816
31210
14222
15124
30760
6289
4922
11375
12530
2777
1629
3571
8305
6406
24656
5853
3275
14191
7461
12478
8474
1790
27168
8186
23021
9652
31289
31819
16837
20258
10908
31039
32153
19697
30505
32438
10578
14171
16117
4453
1104
1456
22726
2902
28131
28370
30619
9318
12754
6586
24354
19141
9432
7664
26687
19321
4386
21526
21900
19164
29394
30302
30675
3353
1151
4368
8854
3763
7090
17157
28808
27902
21867
20014
22546
7844
4762
30734
4046
31778
17575
14908
17167
6216
2538
17122
5719
26812
6707
17728
31712
15991
836
6698
22548
3655
13650
12421
30228
2379
24456
19919
19509
1403
7299
7828
4222
13853
28375
5881
7467
13393
3464
9013
9518
22406
146
10259
14505
24066
3426
21362
6517
25950
29531
15556
24477
13063
30802
21907
28131
19647
17682
10743
13883
24858
4569
28961
20043
2
8921
28115
21490
9011
5303
7910
8638
1727
30991
16323
21363
20875
17135
6378
6795
3536
855
8302
25264
29083
30144
27255
17988
30542
23698
27071
21210
17949
11692
21
7610
27281
3808
24285
10337
24328
8820
14222
5375
25651
9122
15410
10999
10647
21272
28650
11106
17933
13177
18279
30092
67
5595
6514
31606
26424
30279
24422
1618
15043
10300
17840
19210
9228
21292
3158
20154
15889
16125
14189
6961
28195
28809
4001
17268
3175
5663
29361
14395
23638
17408
29680
27762
21821
227
19653
18873
15037
8817
7468
29924
1356
31177
31795
25212
6834
20478
22654
15164
22157
12948
10435
4245
25294
4102
27727
24874
24634
9283
31615
27989
24298
13612
10311
23456
9931
7960
11951
11597
20510
12625
30033
719
11257
23188
7645
12366
31940
9620
26005
8743
32445
1400
21969
4458
16500
29272
17532
2138
19280
21956
9364
14064
7177
18238
9902
5976
27436
6331
10608
25203
17818
13093
31254
21587
29960
17116
25838
16578
14465
13360
5595
30652
19679
32745
18646
31216
17750
18368
19048
32067
13289
17123
18481
16717
8691
31348
29028
13273
22688
22027
26441
25961
31089
30767
32186
19889
26299
27361
19366
24599
31784
7186
2961
28730
5941
10791
19474
26215
28595
124
28756
17445
16454
17375
149
30890
16105
3856
19114
1380
25959
32584
21113
29297
2531
4271
4733
4903
18258
19171
3142
6798
13820
15736
10486
32737
29694
19571
27077
13072
32203
19662
26750
8512
22182
28920
10240
2377
297
1362
13502
8247
18370
31922
5440
1483
21809
19683
2719
2295
7435
6947
8461
15461
5178
14500
4170
23281
14715
28428
27696
31786
28126
7413
9512
6357
7497
8814
22707
24426
14069
7544
29154
22676
30192
30346
6622
23477
31130
15629
30817
21345
11816
21472
17467
20958
1316
28117
9166
30122
32234
23090
23954
7669
32300
8498
22674
28451
31344
28801
27885
10059
28301
22468
1109
17083
9777
21774
2708
28785
21854
12652
11778
22179
232
11610
28688
10040
14073
32075
1473
1101
6029
5670
2091
13489
11510
18883
29946
10346
5209
13170
32494
19758
30255
29813
11864
13034
20166
16512
20896
62
1725
14912
15810
14079
23435
8146
24269
18612
6137
18247
6243
31513
7331
27430
30267
7327
14459
18154
11426
2282
20806
896
26870
32082
23581
29643
29225
15715
9709
8480
6468
1884
27640
10186
31202
22708
17490
25478
2737
656
22116
27656
32244
3662
25452
24948
29187
29182
7931
2278
29129
5348
22390
14572
17733
9207
28310
5638
4618
13924
8680
7980
19392
16908
9038
2632
29856
24578
379
28856
11772
24846
24699
19406
6324
12845
553
16720
1474
4366
7863
16376
30383
4246
3370
27636
28188
27997
15322
23399
4154
12848
30966
8934
4946
11405
2815
12796
62
12585
6473
32679
17134
12397
25725
1753
2788
6901
20249
4856
31672
5648
13806
23646
11669
66
6304
29914
32186
17861
4650
1069
12026
1284
8536
21645
23100
799
16715
12070
12028
28778
20985
2196
968
31982
20650
32106
14019
15590
24700
7854
24102
23874
8928
3674
18618
10280
24602
27613
20063
22894
32709
4248
28808
17186
20813
7266
19133
16898
9331
20996
21272
516
12748
17341
27336
4815
21314
20416
16017
19520
3218
27825
30538
742
25549
17963
14942
3206
2519
10557
31308
5272
21227
16616
5926
16584
32533
8867
20245
9591
21174
10968
32468
2615
32515
10596
12849
32338
23174
24091
1167
15683
27036
17729
20838
25403
14069
13330
13505
29086
31768
17723
23487
9092
6620
5470
9491
4665
24816
20370
4485
10684
10836
2529
1135
27972
16349
29128
21568
2998
5301
18619
11004
17456
19929
12446
14009
6786
6809
18509
10788
23471
23835
6165
3322
29297
8921
20025
23696
2994
27934
19310
31820
2835
18829
32607
30249
20329
15002
5418
2870
18235
28687
28640
5144
21830
20361
30473
12676
1273
19704
13086
19654
3834
4898
14861
26684
11679
31776
27577
16347
16757
23008
32375
14762
17852
3746
23443
9794
5352
30075
19400
20820
32034
6869
29643
25123
9413
17644
8385
3077
16098
19538
25796
3815
4029
17516
867
1990
16718
29684
11807
4406
1984
7541
4334
13279
5621
6098
11963
9979
25088
14015
3556
24793
14762
837
13499
30557
9966
17475
30214
20606
9341
22248
3456
8903
8762
22330
3157
17879
22974
6290
5545
21216
29398
28189
27410
5419
30720
17245
18713
19091
6898
1190
5053
13318
18707
22433
21233
30215
4096
9164
32537
18734
21000
27384
7568
31399
19120
29130
11557
15535
25392
14395
25241
18202
22260
16921
13603
18383
10268
12163
15085
9034
25597
9584
21908
1305
14237
1576
11947
16480
21563
31177
1081
86
9157
18116
17718
18629
19807
31326
32274
18062
2531
24880
5422
28706
18524
20391
22369
30218
8841
14981
21621
864
8544
8029
2984
20052
20873
15643
26667
30888
10207
7290
3493
16437
13811
26764
29873
32611
11912
5941
22364
32180
14871
25008
28073
4154
6989
3337
31245
2589
9096
673
9715
32022
30558
14510
11832
18934
8982
27320
24496
288
32556
8733
25504
4874
25810
3726
23618
20673
12906
11920
20804
15458
8205
18428
27721
10657
25607
12414
1382
11846
10072
26138
32678
25259
18996
30626
30087
29248
30852
15681
13690
31751
3683
24820
3687
17176
19618
14092
27687
12061
23877
26285
17417
7383
10243
25170
20813
32408
30410
12359
8620
19655
27193
813
29134
18015
15908
8825
22994
368
24083
8950
18890
19357
18883
28478
22076
23196
18852
8261
21666
19641
29529
9678
18411
31059
32315
16116
7416
4445
26583
17059
14111
4063
26731
14364
19627
31347
14189
16244
4955
29128
8196
18965
15583
4642
25996
9020
17246
9176
30743
18553
1522
7124
30951
4658
13610
27671
3829
11297
3975
9266
2925
24018
28160
25038
24111
8997
8318
4389
23119
5330
6752
32135
19094
8416
28409
12758
22015
4908
7693
10507
13371
28137
12376
20143
12846
4634
9222
20321
1647
14361
10556
14678
30156
14356
11918
27861
18371
8843
15750
23735
2826
10451
10020
7918
10761
21910
88
19706
20315
5456
28298
13429
6736
3795
17426
22408
9070
19397
27840
15731
20715
12573
10838
4874
31540
18345
8457
6963
24937
21643
13315
28521
28127
16823
12772
4155
19101
22135
20797
17869
17888
16359
32019
20566
1687
27001
29026
26785
4327
9586
10135
4237
6824
9580
4885
13196
12262
17106
11697
5928
10081
5991
21558
7033
26381
26047
29410
19376
30867
20931
486
16015
28110
26929
20970
18159
5455
31771
10375
29753
32473
17764
11467
25325
20454
25414
9145
23838
26657
8142
31943
19188
21993
2397
11870
29481
6868
23337
25181
2956
16426
13755
29333
6529
15205
10095
13646
8831
8888
1271
6594
11408
12677
4568
5277
3797
7398
30955
23683
4607
14373
5341
30345
24791
26947
2223
4795
18616
28021
10295
14485
18959
28066
12446
17290
30946
25318
20704
12160
11590
19218
591
13649
999
11562
12560
14156
11908
28134
13467
32178
5232
29746
6207
17210
17170
7598
13213
4493
11878
814
4905
28106
16762
3387
12460
21763
16114
22672
31684
2239
29060
27294
12898
11126
11389
13833
2378
11544
7226
28456
9367
1926
26287
12425
24629
19223
7140
28522
26725
31508
30323
16449
8765
14909
27660
27446
25637
18242
3569
20644
32347
18763
14714
7579
4976
27760
6290
20576
16585
20033
29239
3307
5918
14911
19198
16745
25342
13921
21901
6840
17737
24465
13088
18670
7093
5677
1029
5074
14666
31366
18464
16224
28390
14692
3943
16457
25529
10368
31334
16497
15818
13064
2748
29552
6769
5662
17308
15122
22234
27993
6734
7127
10376
3907
13996
371
1488
14810
933
21327
24154
3855
4029
22790
9124
24906
15755
28393
8574
20452
17466
2683
9871
13227
8
3830
31950
23394
4810
29124
12810
6206
21606
12039
12387
6762
4951
3602
9934
7556
9517
13805
16789
25886
18186
4565
13013
2366
20006
1465
2814
4830
10316
29374
24919
26732
11355
3005
19575
2635
15046
31168
10957
8017
11797
20616
15128
20807
7010
21258
1264
31084
25308
2029
4412
7410
4167
7693
29369
14719
2937
8443
7801
25005
6366
32123
5218
10635
10742
22021
22443
25370
32210
10053
14178
10960
4507
15515
26345
17433
24843
29851
26228
17873
30450
21901
15245
5835
19890
29167
31121
14925
32707
7406
6704
27793
18480
28401
9712
3910
21272
6670
11434
26125
24109
3731
3596
8957
10553
28542
4629
17184
13972
22277
20892
15091
23471
27408
28362
29417
8589
16825
7579
5097
30020
5587
31842
9163
10368
19296
15426
29151
16897
17433
6581
21350
7704
1002
9480
12311
24365
9587
23261
24220
11836
7817
3240
20754
19284
21683
6450
4493
28183
429
29978
3729
30269
26600
847
14234
27664
22280
15767
27029
20721
101
11531
11109
16337
7051
12952
14943
23993
23226
8063
26317
6724
12134
7638
16495
16416
24247
26886
4854
21904
26123
22091
12935
19692
12143
11575
6206
1311
5674
20527
20136
6696
15154
13548
11848
1434
10677
11515
27155
3869
19345
32317
27636
3306
11740
19304
329
29779
5469
19588
22372
14905
25361
22383
18442
915
18600
14426
30199
9710
19717
23114
14681
30695
8385
16280
23633
29106
17064
19057
10101
7575
29754
21846
15952
22640
32300
7069
19424
25133
17636
29166
32535
15952
11521
20167
22363
25713
20433
8953
16646
16571
32729
553
487
1133
7504
6992
30143
18010
15012
314
6852
29545
4340
17163
28193
3862
17556
21685
6260
17391
31117
18308
27215
17431
14362
21138
10425
31175
8492
11091
10666
1992
29414
11787
16530
6650
23841
22098
31442
1488
9706
1943
11328
15058
7679
9626
19368
794
25942
31985
8006
5079
32662
31620
14669
28110
14492
14609
17508
3539
22775
20392
8227
27988
10861
1072
19866
21199
19572
16096
11210
29270
22713
21447
1066
24082
22428
6981
26404
18110
1201
23184
22677
3112
25409
31792
19536
7603
8904
6274
29340
10967
21365
20025
21681
9119
27308
27352
16703
2346
6023
25402
2280
3627
26449
7178
2753
1898
14858
587
4309
11329
1766
29650
31905
10015
28877
30663
17305
30216
10972
18215
15265
6930
11491
9541
14229
7402
14310
2116
29634
22349
10908
4510
21099
7056
9714
22177
26693
8473
393
30957
22779
17891
4148
3831
939
7933
13435
23689
32614
22796
17690
23359
26548
26821
16771
4876
30990
2932
22104
17075
32098
6008
12786
22606
2195
7363
10461
14794
1270
21855
10841
23913
4054
26084
1242
12863
9713
28163
31369
22710
8185
26879
9666
11019
32532
24110
11668
5582
2396
24957
19011
16485
13919
25577
6601
1417
27552
21510
17489
15303
2325
3708
28859
19969
17831
7813
2331
9195
23477
20080
20281
23183
1425
2082
16658
19657
18945
1423
19798
27595
6335
20805
22504
26522
14074
5858
3682
10127
31699
17304
3214
4824
23777
30385
20717
10484
19117
16901
308
27194
23862
14981
32458
4179
20590
22707
19276
5819
20668
10535
15625
4932
6008
19725
902
24211
22386
19106
31739
3233
31083
11706
21972
13627
10394
30780
1841
3203
12072
25252
4455
19308
8885
27776
5501
26690
24785
15604
14511
7968
23427
21303
22766
19064
13766
1811
4446
2959
12295
22889
3798
17150
25768
5290
13412
22834
21632
15711
4039
22252
17241
21155
7667
19906
25712
24227
24464
4252
22265
22309
15739
15416
29336
19966
15684
4007
25577
29081
1454
5326
6393
23927
13106
6374
32203
15018
31869
29948
2260
12378
9965
9841
6015
9280
19224
14203
6825
19245
26949
30626
4902
2436
19953
1092
24122
9147
17995
8466
21025
16095
9400
24720
10889
12557
5456
7321
17682
8697
16991
16089
11733
31595
18661
22865
31706
10685
32022
3799
32159
11359
32475
19347
13720
30291
7759
19843
9898
7857
4163
31991
28847
24867
29371
5398
15605
28266
8559
7256
31423
3288
23114
11529
27587
2260
12782
3532
170
30041
22574
6678
1427
15479
11411
31407
7824
32721
8919
11829
5159
18717
30573
24984
28626
2727
13303
6303
26751
28622
975
9825
7953
32133
22655
30157
10974
724
24136
8739
30255
22869
16543
24441
27331
30135
16043
13111
28236
18494
4041
31898
12017
27969
6152
19765
16330
11690
27821
4459
1383
20346
10416
2294
29257
13890
4413
3940
4967
21419
2612
13461
27818
26607
23209
9534
9585
4702
16741
25449
1295
12763
22883
20211
16200
5468
20052
32268
4311
31853
24860
26042
11243
26540
15442
21079
29862
14670
6340
12302
3484
9626
12785
9058
13402
29545
2701
29095
28124
3245
256
14727
790
24294
13287
31615
19820
2990
13970
29279
21306
26926
5508
15309
13389
21158
10998
20674
26215
18666
17236
19980
16831
25312
4543
3274
23935
3587
29833
2804
15429
7906
2492
9168
18594
12705
5012
6270
8606
23159
11520
26733
14130
9775
20005
31203
14028
27304
8411
4729
18383
26452
9518
8092
6160
13757
9694
20238
14426
2555
31967
30563
18666
17215
10202
20613
30196
19532
11434
31792
17437
19448
19936
24182
11519
9647
3904
17980
2984
18928
2625
26043
22811
22222
4753
6912
14541
2161
10895
2157
21801
31123
18383
32054
3085
13315
26521
11748
27467
4389
29546
15574
32041
27248
30065
4795
25825
6638
7444
1816
19234
19136
4969
22728
6797
6552
8125
30328
3128
1340
7184
5927
1070
12042
14743
8876
15854
27502
5433
27183
18664
8814
7187
12462
21763
31
16372
890
20249
29997
31713
25272
19833
1879
10386
14817
19556
29168
8434
10306
14992
5727
13987
6524
21929
15520
30329
11781
22219
9153
15610
29605
28425
25190
6885
28154
5097
5957
2471
28405
7142
27051
28647
16219
10989
23029
30203
5957
28384
25112
10865
26272
11286
26137
30344
28077
6616
29845
25268
9602
3814
22331
11037
30855
32240
29517
9248
19194
16925
31267
28364
21356
15240
27048
32103
17217
15294
23770
26599
16180
16961
11342
4217
10193
2312
24234
6141
12793
24829
26922
8840
20321
24189
16412
27617
26388
21980
14180
11268
24044
10207
13048
19362
28445
24127
10084
26783
21675
6188
27207
10899
16366
18120
21205
26442
8725
14760
10835
5956
17568
31575
27806
6709
12772
32211
22692
19334
28043
5901
20713
26322
32018
19821
3076
15466
16458
29772
5408
13777
6615
6264
7291
10817
26548
15540
6122
804
19372
26165
13139
12444
17378
31014
4401
28156
4939
25893
23316
22092
31279
8644
8734
18633
16043
31497
3975
7523
1330
11758
25882
10557
30983
21729
19894
4912
17604
9285
32207
30792
23255
30448
9194
24645
3584
10923
10532
540
31188
19637
16811
22644
15165
5696
19779
1577
30968
14578
1986
2764
15381
31589
2452
18209
6266
9639
6201
20896
9569
15803
18114
6901
17877
5143
26200
25216
16697
8228
18101
31445
11201
11458
18089
24125
7927
21697
13462
4915
16951
20328
32500
24808
9011
3313
13518
21439
24177
8971
22083
4562
6088
2391
29958
32619
17126
9708
9438
13196
15309
10707
15398
15464
12113
15756
25678
13287
21404
32135
31321
9254
28842
18091
16221
15348
14541
21203
22790
21334
28970
9548
8724
16388
27194
18264
19160
31210
18507
21678
18874
4009
7164
22520
7094
27411
19140
30547
21723
26034
18284
28883
203
11586
6800
26364
21310
30770
15138
32074
10366
2599
14055
17578
21996
2168
11000
30718
19066
7859
3138
2205
32558
29463
16391
31441
14246
27416
1115
4696
4751
16351
10407
20195
27180
25287
5673
14490
1237
12769
10354
31894
5493
31856
21991
22885
3083
22382
10305
23434
13866
16901
1293
27130
12154
6679
17965
8864
8756
24758
8789
1754
22442
20141
25998
30713
6333
14581
31158
965
24164
17729
16126
247
21036
28275
13419
31678
7858
22820
28758
29242
4139
30752
26860
24836
1244
231
3246
8100
11682
12334
10994
3353
7788
24156
11360
3157
11964
25613
7030
20670
10794
20114
32005
31406
20705
25711
30897
1011
10272
31196
20853
31824
6842
5444
11805
5627
27030
25545
12746
541
27696
32191
25714
7509
8470
31532
27485
27701
3691
22606
4521
26563
29288
10773
8391
6650
17366
8868
2299
2630
661
26069
23008
31244
22553
11698
2786
28959
2023
16125
5058
6732
12316
11688
21781
28623
23014
29022
20677
14299
23050
18936
12943
20758
348
29705
10372
20251
7498
11603
2952
26359
18514
2383
22486
11180
2694
5545
30074
6833
18959
20161
20693
30831
2984
25644
17180
31942
799
19761
19161
20358
29655
11596
5225
21751
24904
2222
21116
19025
3965
18619
26265
12868
21397
4234
22935
4466
13380
24937
9253
31472
23119
3927
18243
27848
20755
1416
13510
31866
5886
23269
2008
21366
32276
13961
3446
31652
23659
1092
7408
31709
3248
31004
16492
17519
16032
26567
11620
27549
6032
25907
3363
14876
8934
15614
5452
1943
4765
13822
28755
26411
20421
9914
30210
9196
23296
23023
13302
3423
32006
17164
17951
5118
18210
694
32579
13751
25523
15173
24956
14957
13996
13637
26293
16501
19988
21494
6449
6426
8838
22989
31748
29978
10162
31985
17304
24871
11483
19390
24105
4711
3415
24901
19529
756
12563
27082
18781
24156
23820
30532
17439
15906
21462
9697
10010
13884
17945
4224
28977
12691
4879
5429
7704
7814
22791
27080
24280
27495
21990
54
8784
21244
6048
15151
28079
30975
31939
29335
1275
22175
1261
18437
25485
30461
29009
19270
1170
943
13622
28379
31628
8513
13943
19574
23759
7087
24068
14722
30212
25324
30815
11160
22185
22366
26145
27915
10383
26208
7283
8541
22619
30399
30101
6599
3590
9533
20826
31157
30046
20753
1449
11079
22146
30820
7934
9169
32361
25813
28903
30812
30555
10231
30344
16931
4471
26574
792
21271
15147
31574
16993
14940
10687
22268
2372
6346
20939
18722
30259
17772
12220
1695
25012
16900
24660
1853
7909
32645
2342
12857
3058
29336
4382
23239
29345
30743
10487
3211
14535
2453
9155
10273
24783
16852
8038
20374
23098
12622
32027
8940
8730
685
10734
19610
13207
28499
14145
24074
18538
978
17223
31770
26980
13428
12684
23452
20200
16821
13162
3541
4461
27844
8341
7425
10749
31750
8081
30925
17080
3987
7735
13020
22354
17847
6707
2883
9616
12146
14729
19725
28111
5369
13067
31416
894
2610
1764
19126
11679
21308
1809
29677
22346
6373
12259
18999
4137
27953
20607
10978
23805
8154
861
14641
22552
25291
30412
27353
8673
16035
1388
25734
8531
22328
7859
9812
5246
18
32617
2133
28933
8428
14891
1809
5278
27190
4076
24578
17813
22934
6255
32276
841
3682
15055
13867
9902
28199
30200
21405
21193
6438
31019
29875
13623
11985
3197
14124
5798
25170
18776
13498
15194
24325
8953
20355
5034
31993
16112
20130
15488
17779
7588
19107
20445
18283
4812
27147
1362
15373
3575
28109
8840
31545
13060
3542
15290
16388
17067
9602
17461
15668
21235
12324
28383
456
22457
5507
24237
11629
31536
18007
10027
29962
18011
10448
7415
30518
6548
21775
30279
24764
29961
8619
15199
24862
4410
46
1819
28431
18300
10645
5996
23799
19065
6868
11730
15731
11949
24911
16359
6099
17130
14178
30676
27802
14550
28890
1241
2561
7528
14201
15306
12405
8558
6006
1933
1812
12810
23547
10653
24628
24880
15270
19081
19932
7722
21768
23157
1608
15892
31529
16792
6250
21600
20994
24765
28771
23379
15105
25027
11278
11399
4488
22557
16246
18791
14191
12626
26971
29622
29054
30077
30642
5640
5107
22478
23585
31814
32514
5896
4231
23599
27472
11777
19313
11730
1655
21541
1190
21525
24453
19955
18845
5425
9085
3454
25089
25395
10708
8942
17460
29820
20725
31997
22985
11330
10942
31098
5128
21262
30977
17865
20590
7996
31236
3937
3371
3454
1281
1100
28066
2393
30375
9131
3820
26022
28055
24112
11349
9490
22247
1697
5086
4767
19106
4700
27321
10784
14406
10701
16848
20673
25413
2298
31295
23933
12165
12280
31189
29094
15841
25459
12183
8545
22693
32042
26685
27687
12309
3184
29363
1349
26343
18092
5273
27740
28356
18394
20163
21986
13516
8968
29114
25503
7695
17114
569
11569
21524
6662
28081
6281
24918
9177
3781
620
7617
13488
463
14066
27450
6784
18777
14858
16916
3406
17061
24565
3484
28599
27174
13766
22670
24426
28676
14824
18846
5545
7324
25752
28656
6092
1278
103
24480
14270
3949
21178
7739
25726
18402
5193
24387
19102
1161
14755
4271
17608
23107
2984
14185
7220
24866
4110
7118
6451
18672
16861
17970
25512
15785
6643
19289
13193
7164
26497
26879
20834
30158
30859
29265
26322
26294
4716
3186
7949
14466
14927
15095
5976
22449
19895
15467
8080
6136
27385
14027
19107
18621
10685
13323
20245
6558
9089
28304
14205
20203
19477
28084
25350
17960
6688
29253
21998
19084
32665
13062
23050
14725
12879
26924
28480
30513
17506
11490
3083
13030
3271
8646
11771
31660
24520
29546
14898
9405
6018
8659
11752
31244
27749
7678
7912
17595
7608
13910
3089
8099
27154
21311
32215
7120
22498
910
30399
13571
19943
22798
13286
5678
31673
5373
15738
11771
4671
9357
18239
4934
19510
28004
24843
14750
18096
27165
30539
30152
10643
5828
9084
21051
8214
11613
19634
13221
8520
12894
6165
19813
2184
20784
10591
26127
32270
2226
13152
27628
12128
10166
22650
22903
22494
6531
23333
27105
6455
593
7788
7565
9201
11216
30318
3733
12261
16801
18654
5443
17601
24027
32131
15513
21124
25991
16056
1738
6662
13605
2541
446
25965
7461
4133
11154
4281
11886
26230
10005
25145
22235
1676
16461
13075
19897
7975
16624
26560
20554
13464
5355
14477
11845
4423
16094
18972
9811
1584
7326
5601
4756
31586
31665
8869
25880
20607
32214
3335
29799
3391
19835
24566
6138
25068
8773
15672
5311
30695
5516
21990
22936
4642
18139
13037
3036
32164
20596
19854
25557
21000
3018
30687
22849
510
9734
5449
8145
15304
1155
8968
29613
6590
31058
4270
13806
8907
18358
26784
22818
6894
30889
18583
7627
9146
32597
10784
7905
11479
11676
31516
11852
13439
30865
1601
362
22529
3324
11159
11663
13377
13274
26877
29824
5685
1754
12961
24823
31594
29921
7051
13090
25213
5767
19987
7460
27555
21144
21606
20371
18721
21141
12549
22008
32724
18224
18246
17234
30635
31955
5073
11922
23592
16409
13604
32544
19683
4691
17424
2390
24071
11781
31802
31488
26835
23399
13467
6114
11290
5349
10240
17970
15555
31647
3466
27417
17994
7145
302
5942
6973
459
15415
795
5567
7554
7615
23502
18441
30718
826
24394
31972
14179
28908
18683
2096
29576
2669
3653
26465
23162
23340
27390
12796
9466
28393
15855
23070
23291
14906
13656
15606
26661
21255
19305
838
85
30990
4809
20965
21530
28255
21267
19008
5433
8161
30035
23253
19242
7627
16526
24502
30617
25644
26168
4876
2790
29540
24251
19858
10406
14505
5623
5910
15392
18051
26556
1787
23760
23887
27729
29881
743
17344
5361
30811
3017
28505
6217
15104
3726
31989
12027
5980
129
31039
8222
2612
10660
31034
7612
29413
26922
699
29011
9181
18940
17642
30804
17184
26421
8388
28839
31428
8358
412
5413
31094
8018
1429
2588
17139
10738
30249
6606
20624
18803
4262
16627
435
15731
7852
2866
23639
16584
24240
16300
7564
7673
15484
23922
6644
5059
22956
26634
28231
2453
26163
1005
32720
5140
18644
25356
19694
18840
6057
327
3476
26285
24736
12532
9161
17044
16888
30558
23592
5055
21192
14659
32353
1112
23417
14165
11703
5818
24136
23225
6528
23030
28613
20876
32169
28240
24406
31577
29487
22976
12212
9636
4262
11377
24428
6242
23222
30021
352
29311
1177
1615
9540
22103
158
2392
4130
26173
24746
25691
17622
4343
1713
28168
23698
11839
9537
29253
12123
27460
4088
1704
19594
1831
23561
12030
17229
24446
20667
20936
15139
19669
10217
31929
23651
20264
7811
31033
2230
2666
21771
12516
25496
4865
26
25100
10971
2632
26841
9267
24356
2827
15752
15506
15468
26127
12794
17045
640
11911
28694
5212
3458
5792
22616
6971
15974
7158
4686
24635
13173
1052
27932
28824
20685
10521
4089
4672
6367
5605
31407
18522
21744
29424
22047
10173
3481
17052
5307
31604
21319
28094
25353
14657
22203
8224
26663
17943
20875
29954
22081
2719
16031
29588
19229
22452
25269
23422
144
6886
9438
16729
19718
25339
14079
31539
29693
13417
3665
23822
18058
11741
11233
17761
5076
31928
13584
31126
27028
8589
23572
21131
9371
1188
6261
14609
20812
23161
12177
29296
23582
22590
3353
15585
4635
14421
27537
15378
29027
3799
19668
13734
18858
28175
17038
7602
11445
23296
1728
29505
12001
4571
25664
27857
30621
6794
28470
29908
8683
11560
3488
30256
27875
26246
20430
30911
15407
19624
6375
3535
26768
9029
5987
3235
24664
4171
3470
7920
6126
4185
27148
7521
19021
15171
12367
15380
2437
22673
12578
1819
7993
17408
4898
12028
15647
8704
11071
9521
32131
25652
9536
2217
13252
7669
31804
25157
3286
10448
17186
12636
32702
6403
15666
18487
3609
516
18050
30869
21653
2810
3194
4136
27510
21313
5719
9494
5907
9963
7596
12922
18518
826
14044
1248
27968
27430
18850
30412
4450
3037
22921
32052
20069
12606
7796
1026
3204
2654
27927
6803
4876
15876
28540
28730
26851
20268
11648
8381
1278
20871
25939
20695
20201
28152
13307
6837
28483
14105
3538
19065
28735
19893
1795
27322
11812
21835
27665
8450
6093
14481
10832
23118
16171
15855
2154
18321
14782
27648
11996
10802
20768
15892
118
28810
890
10416
17118
8807
21516
28173
5901
7563
27562
17045
16849
8749
2362
16745
17481
12151
16951
12510
17517
12294
4912
5883
17795
30318
16457
7677
12459
2484
1465
18643
11604
16849
6219
30626
18884
13366
30174
15426
29588
28738
1509
32447
16433
3021
2535
29145
1373
32673
24063
22404
16812
21500
2397
5481
21768
7440
7876
6499
2349
18307
27914
3587
27181
13551
32667
24332
28397
10338
28406
3576
29094
735
302
22129
30821
20443
6763
8921
19852
8641
32103
20675
26703
15983
23537
17783
9527
7095
14189
21106
20131
11231
4434
27108
30018
31265
27562
9008
6298
5931
6550
3951
8067
21920
24520
24046
8365
22166
25862
20651
31510
26134
29358
220
16021
10143
1324
29544
25682
4771
11398
32107
22347
16136
15569
30902
19665
424
20153
18509
27913
22738
4093
11496
19308
10439
25584
26995
12103
18494
21497
14222
11323
23776
20500
3085
2750
1996
16207
11129
153
25109
24654
3725
14696
18751
31175
5818
12060
31685
23303
4772
21116
1430
11371
4770
928
31891
4072
3394
23157
3347
4483
21442
16188
22112
26585
22168
21259
5943
1177
14828
10314
10827
29957
14872
19255
21187
4725
24623
6755
22711
724
1651
28466
30135
2337
11485
5727
4421
9710
7577
6262
19798
2021
24968
21080
25301
19518
1212
23994
19999
3914
11007
18855
19336
19692
29773
8953
9172
4378
12629
19684
18623
30816
26620
10604
16758
93
10202
4585
26396
10309
11963
8074
28998
24925
23839
17359
21119
20354
31418
12558
25796
22946
19188
4847
26121
2625
29035
5871
17587
16374
9836
17633
15387
11756
15230
10088
16658
11361
28631
17535
15959
22826
5349
26097
8483
2093
711
12769
13726
997
23761
4932
21351
7650
9739
29282
23055
3910
9650
15704
32158
10569
7093
16537
25357
21942
17721
20328
3275
26476
12566
15456
5945
15071
25689
8684
17709
9876
20160
31439
23666
15272
3904
2717
21062
22089
2178
5696
18395
32315
17762
27765
22231
5972
11631
15948
11732
25089
2414
18347
31969
19391
22487
18380
12799
4002
29014
18874
1445
9938
32074
15576
22332
2313
13898
23898
22947
15639
32411
27850
4012
14686
17595
14980
6301
5206
14298
31802
19633
1290
19548
30322
10645
13209
4184
29955
3819
22966
20508
5019
19146
13096
2726
22076
30267
15946
13868
4538
8637
19596
21653
9279
20931
25329
22526
32199
19249
27279
22327
30884
12258
12562
4675
507
27429
14650
18139
4677
28220
23384
21739
30160
15580
13781
13075
25915
18863
28074
13096
28157
8917
16105
5809
10975
28254
23859
29546
19581
14034
9280
26564
29129
1961
6234
8035
20616
22995
14050
10143
11731
20530
5834
5124
9879
17435
22809
29394
18454
8665
26986
4477
30820
5417
3693
4397
12010
1471
19044
19263
31974
25536
2983
1475
26089
17477
11553
30717
2136
19935
18129
7908
5612
29965
20042
24998
7218
2248
1844
1569
7436
3831
17353
30059
30510
28923
30040
20555
7841
30757
3269
21438
9539
6715
11014
3443
4933
5623
8616
24656
4012
24455
17224
22763
22737
23822
1051
21009
3297
29473
27238
26946
16989
24907
20230
17202
28827
28298
28138
8266
10307
26064
18068
16678
7123
25219
19612
6933
30748
27901
26669
23708
3266
26381
18054
16882
17600
18548
31354
14725
28386
11112
27888
22644
22089
10517
7524
7955
10987
1559
12900
3435
14864
12033
23059
1975
30422
1241
31402
2791
21166
31129
13042
12577
26076
31920
10955
1595
26619
14207
13225
11331
30839
6621
14609
20471
14097
13971
288
27981
11358
28640
15621
25580
585
29687
27010
23473
3212
2428
32622
31019
8507
11274
29750
25119
16697
30896
2648
4614
4289
27248
29158
32394
8159
26302
14601
3084
756
6663
3196
21024
15157
9255
18445
12303
28460
5362
22303
12628
29494
14508
25898
16929
8707
13457
24121
13271
1306
29518
16235
4497
19794
24965
14196
17562
7002
31309
5913
2290
6194
9136
4535
12749
23983
23339
19900
15891
12027
12850
17708
15585
275
6826
30237
519
21319
876
25404
10888
22461
17609
25670
28958
27631
23808
18064
21171
24872
31945
15744
745
5387
25550
8977
12434
23052
3373
2131
6713
12277
11256
5608
29335
19555
30644
15496
5407
29510
18653
13694
2675
8036
1377
21289
23788
31447
23840
8572
15638
10122
22131
22142
30257
22464
10914
4810
12977
13965
29292
29200
4287
8283
8834
27539
1719
11110
22540
682
6056
64
29987
18239
22486
590
3414
9810
16699
18506
8742
2678
22530
25791
12169
19539
7946
32400
2154
29475
23658
14705
807
17718
11751
28267
30226
10350
28031
13405
1009
21186
26082
14454
14463
19135
22259
26300
29928
14339
19019
25224
11344
961
14263
20231
28749
18752
31157
26555
19816
5723
4603
26872
30625
31746
15856
18535
18152
28343
23345
15751
932
30483
7181
6695
815
12863
3081
29421
5208
8827
25693
6097
15328
20378
12405
23715
16638
14211
17009
12673
2524
3762
30630
2914
18455
20661
19738
7310
30018
8368
17420
23844
8036
31194
5738
25491
1397
12285
15192
3360
997
16378
15280
30310
20758
28739
22141
17361
2524
16734
30079
14883
3588
11881
29098
9968
11467
15760
10150
6433
8546
24729
23632
26996
24433
9561
28984
4858
12176
13884
26913
23448
7119
10944
15492
19590
11312
10234
32270
31443
29480
20753
20253
8160
27170
1982
9287
480
7676
31954
22995
11359
11143
4272
6206
30904
3083
975
2231
26268
12737
30521
22947
17554
29783
15630
4890
10354
19824
30978
15208
14313
25889
4314
19341
16632
28277
27891
29629
8820
21482
2236
12257
1160
13297
21303
11284
24878
11634
24444
31015
23738
31814
25909
4382
28240
26044
4387
11185
22632
29973
9624
25291
29009
2055
27387
9998
15275
11069
28743
1101
20204
18133
7052
13840
4060
6881
2669
3092
14616
3047
17056
7881
13203
16225
12913
21458
16144
2110
319
12937
27306
9055
12286
2168
23885
17434
2483
24032
28218
28859
25595
14902
3462
12030
12164
14497
31899
150
22674
27774
22198
12201
30588
5596
26983
27473
20780
9728
23829
13341
10147
5090
11639
6286
23154
174
29212
16795
22338
11332
30436
20269
23118
14776
9348
1188
32483
17363
14598
17744
8167
16784
20550
24824
2127
15008
15479
12375
29607
19431
11932
410
24206
31740
12047
21731
10039
24493
26110
26825
32233
3705
13289
5845
9600
26388
6693
7
1002
9190
29532
2383
682
16268
31754
10261
16217
10581
11009
32433
3104
18887
23015
18675
16448
22296
15795
6301
22666
31157
12083
25060
26599
16575
17289
22515
22481
26248
13481
6503
30935
25882
6621
11476
25373
23217
28737
19774
9946
15932
29511
1697
19673
25568
17717
8810
9977
20853
26530
25596
28845
25351
1020
5420
16252
16214
1029
25285
17281
7254
31313
2309
22508
21424
23241
20510
25472
18239
812
22709
2323
5524
5001
14438
10257
7795
5830
26175
11513
22355
31516
30528
12766
28642
23192
10978
28392
18046
5019
18317
31441
11453
12635
18208
23400
31719
9313
21357
26129
31095
19209
4794
28739
2973
18949
17473
20488
15806
13530
11440
11393
5363
1633
21162
7776
13446
26951
2885
8299
21112
20622
22154
20480
31742
24585
3064
32140
10751
9444
22273
3346
9623
7706
907
9898
15512
5373
6768
14079
17924
17842
19967
16336
30355
22450
13945
30832
1331
9802
24213
15942
8067
22811
8188
21838
11864
19611
20429
30870
27192
19090
15130
15042
16353
4766
29546
13960
1219
12976
27445
3893
31618
12173
25195
16678
10357
32077
8941
16976
30250
18399
3346
29368
10720
2948
29732
23803
10250
32079
19168
18120
2259
17323
8185
4449
31893
32469
27286
27166
96
8542
9935
19178
25209
6315
16948
19140
5849
17780
22599
15934
23466
17480
16125
10242
11725
1543
25408
31048
3415
14439
30064
8801
4623
32368
26077
29488
20465
30976
12623
19371
2990
8008
32127
7262
16170
26444
1435
14056
28157
15975
22213
28285
18931
20932
23700
2146
10124
9959
15762
31860
17020
1058
1981
1441
21036
10528
11527
621
28215
22366
20437
9583
17134
10924
24451
30162
5588
16817
1247
8148
6691
13924
24233
5450
5445
26260
3610
32282
21340
3169
4954
30911
27579
9920
31239
10953
21866
12795
21941
8538
19366
12335
3689
427
606
460
32029
2437
10936
3609
22592
24520
18314
15277
28722
13543
20961
14583
15308
13161
11645
5303
13526
16490
27987
9858
1167
3096
26634
18242
41
29239
7294
22963
30026
10909
26176
8936
18060
18871
532
29380
22526
4354
25202
7297
19361
3986
21510
16173
3563
4751
29232
24103
12872
26035
27524
18855
8084
25550
5707
22323
3234
22338
21760
27179
19640
10887
19155
19518
27665
26792
24618
22002
7257
3524
5915
26400
28981
10126
12276
12150
27832
17869
7604
18163
23535
15068
19086
5743
854
11307
11373
4112
7008
29373
10602
14294
7412
19368
19544
31760
24042
22680
18745
24036
32146
28749
20934
27083
8493
16152
14827
18
114
14178
27721
27995
16907
21028
11954
21274
10261
8048
14000
24600
3236
9959
3582
22772
11836
6209
18190
28829
19545
19400
385
28889
5096
4829
16050
12993
23500
22642
1580
26434
12634
4494
23087
12189
13532
32204
31791
1512
17938
14300
341
30092
173
5632
14076
9157
2258
23184
22324
10277
10141
13431
3395
13585
14235
4020
18975
4162
24911
13786
26870
23365
10158
16017
9126
11259
17571
20499
22341
29978
21900
12207
6298
16043
22459
8777
6306
11914
29942
7383
22797
24808
8183
17638
12478
4300
236
16659
8270
4238
12792
22931
30345
4699
19376
26795
17647
16564
16799
6969
9269
9967
3779
297
18626
27060
12814
28160
26418
20353
31462
10581
26838
6439
9637
28499
28722
10827
18458
16697
11646
486
3590
1498
805
709
17823
31261
31305
3081
15376
29054
1853
24999
27128
26251
7690
25834
28647
23399
5867
7405
25316
2635
25297
3873
26857
26112
4063
26573
9573
27238
7663
29320
30137
15601
8971
25281
32188
7462
16373
27704
1079
9506
25759
11139
8041
23060
25780
24202
12676
3262
23565
27915
13615
2551
25405
16662
23042
6956
5126
28562
28941
22235
24033
12470
10577
16662
10874
10385
7237
15366
21041
32643
10835
18534
24731
19138
10072
5636
10494
17622
22311
25667
10969
22044
14855
12955
18010
27975
10545
16663
16614
10202
17235
24790
6548
19120
10511
5260
11698
2676
2428
254
11583
9257
32420
11657
24431
17828
14852
5275
14122
17933
272
1080
14222
11873
31148
20086
10344
4595
18100
18946
6847
14054
29813
8857
15689
3764
13618
31120
243
32427
28064
22093
3422
30827
4458
26315
1373
25193
20398
4122
7032
20591
3965
20188
30316
3097
15455
26569
26024
27994
25293
26668
26065
757
7349
30308
30015
2820
19962
29284
14462
15221
12529
26163
28366
23175
13029
18028
13988
10066
8340
703
8742
4668
8880
26223
7091
17797
2655
18643
6745
32188
28091
3541
9821
12871
5203
30325
11702
3551
13224
16710
10386
14098
31664
6896
3536
26815
29526
24237
6020
23197
9464
9933
22390
31157
6888
11570
7075
28899
11244
31699
8891
345
6079
27965
8353
11036
29581
32014
4847
9605
26234
26745
25967
10178
13852
7877
26275
338
8956
461
3133
652
5401
30337
1959
13593
6245
17763
10877
25717
10567
19212
6926
30322
20759
30885
22751
5045
4773
9326
4392
8247
9906
10810
17237
965
2165
23536
13703
17025
21015
16908
14608
25951
26936
11293
16122
12968
31592
4420
15488
13946
19118
16571
24467
6982
18949
25164
4951
21073
2522
18133
21667
3124
29839
2251
22149
348
23291
31923
30396
2698
20712
29099
572
2388
22931
16863
18861
8354
25648
13077
1516
15666
6243
10018
3209
28181
29384
7282
21575
3376
12652
32387
18848
14268
4178
18026
29502
5830
21999
27470
26242
30639
12206
8936
3073
13485
24172
29193
13314
27976
13053
3348
31490
3806
23206
2176
32304
11552
31648
22871
24561
10898
8604
9657
7261
12559
31289
25946
11712
31299
24976
20991
282
26671
16041
10245
15008
28073
12290
14043
19000
18137
2063
16771
20481
445
6581
12053
20681
22182
21710
2875
14996
20664
12968
22198
14620
18030
29318
10200
23115
8724
9758
6920
707
31307
3609
4929
12887
31368
18070
19091
6288
7061
17319
12961
31017
11279
7634
9505
24722
10471
11921
25695
10353
26081
31955
27578
19484
1560
31097
4134
3360
17527
3033
28840
26557
3137
28222
14045
22376
24971
23143
10099
27464
6589
1540
686
10938
25620
28476
13541
18893
8739
31017
22274
11718
4173
22618
32518
16797
15949
20304
24706
6782
22446
15106
15647
27721
15443
28505
9496
19986
26864
25524
1978
20130
12175
12134
5099
22772
16397
22067
26784
26809
154
25814
5477
3797
13885
23934
27353
17888
32077
29773
6959
5797
4600
7128
10926
3238
26816
25001
12338
31382
5881
6848
26025
3805
2893
24589
2198
14360
5689
23287
2706
22935
17037
25049
4550
20445
32239
25728
18803
17699
4440
10415
618
21973
27030
22171
9108
1300
12233
21870
27243
307
12774
30664
31614
14394
6966
30777
17137
15461
31960
17865
9467
30885
9787
8305
32359
13598
19877
1439
29972
27560
2223
27830
6261
27727
5319
21387
21009
20947
28588
6889
9731
17960
16373
13070
17275
5879
3467
6187
25916
6683
18986
7912
540
25125
10724
4318
19847
17113
19358
6427
2044
9646
12689
162
8078
11858
2506
15081
8293
12068
18091
16985
30011
28088
1896
17617
30687
14166
20618
8226
20917
17787
5232
11924
11316
29270
3017
25440
12646
15693
24091
14133
23660
8054
6719
25780
6648
12318
32482
29939
14545
6469
4869
7166
10834
23584
3710
25937
4843
26006
4725
12383
10910
29380
12777
32014
28035
17785
18984
2104
7237
10426
11098
14380
3235
17727
4343
22827
18928
17908
27212
10731
1427
19577
29434
14360
22408
13730
7031
3278
20189
11767
16780
10528
21046
5686
14549
21140
20553
14285
9027
12197
16483
18784
6557
13376
29409
17225
9211
24135
12728
1042
586
16913
12525
17661
17611
26343
20253
24189
13460
29577
9719
23738
3085
10919
27325
25617
32628
14184
7879
26001
5466
18919
4096
9088
20259
945
10599
1492
8586
13384
5007
16058
15643
26019
9503
16146
9911
14508
9042
31473
8212
4545
21112
32286
24634
5427
22132
20629
7175
29642
25404
11016
24235
1854
15708
31577
12845
16064
2675
14624
6116
23407
29109
2603
20735
31971
3175
14073
30462
32166
9830
28478
25655
8118
20128
24163
27730
2308
14233
4099
25804
4088
26600
9327
32120
22507
15032
21803
26873
15787
12359
18798
21834
5115
3690
15014
13366
12304
20743
26865
21472
17941
27289
24485
18237
5544
21680
2505
7829
26203
28782
5786
28677
21556
14092
11784
12288
27693
14931
30006
22985
6324
29987
25341
26619
24108
27631
25705
7425
26475
7486
20794
7070
25146
16940
12389
20326
11224
24295
19601
9539
19831
9011
6298
5106
18621
6886
25618
29827
13380
11885
24506
10972
10267
29509
29197
7735
31299
19587
23478
415
19250
23372
11285
27767
25172
16221
1470
17139
23173
10117
13050
28317
7832
12838
2628
26321
13779
7608
8909
2370
24688
18758
22776
17011
1054
1263
8927
1598
26750
12902
13516
6224
17319
13682
30145
9387
5795
13422
17393
10275
23023
10442
2372
10466
31230
16265
8151
16100
9142
2497
1657
27771
24818
32030
25903
18124
1279
17504
25009
28240
26911
24536
17388
22357
30985
5615
27262
25210
3943
13214
3900
17718
8790
7415
23471
16978
16362
11675
19859
12906
23207
26946
27479
23664
26121
31798
18592
7721
17149
3032
23237
25774
31845
22298
7508
29932
21400
9987
1676
1061
7392
3886
19425
8301
27643
32331
30332
26925
4250
7836
18360
6052
25317
1657
28070
22369
24565
14541
1929
28361
5720
30103
31323
14231
25233
23147
5446
26455
31637
21230
1580
10219
20303
22877
7712
7
12061
1798
26090
2996
19537
29901
647
1232
1200
27560
27046
7052
32502
25892
26156
7917
5969
23518
27825
30028
7138
27659
16385
25814
22847
17392
26012
11276
30451
25707
27191
27204
9212
12648
30265
22566
4940
21100
12862
20528
18505
25358
31639
10035
13133
29561
26824
21715
7718
22764
7689
27659
26775
20026
29126
25511
5334
25674
24863
11976
9228
17048
21608
9572
17112
14258
13225
15555
17868
6587
19231
4099
30191
30444
32698
14485
11577
5646
21405
30397
17178
18177
15010
10774
18675
825
16083
6668
5786
24123
29938
3680
9947
17956
16626
14247
17394
5155
27259
26572
1042
27898
362
6793
5601
29056
4686
19954
23802
16162
10988
10986
24170
16478
11964
32172
32051
19783
31594
32324
1740
7172
23894
26899
3998
336
21525
26446
8073
251
9966
18303
11869
11879
18781
1539
28770
23820
3987
9610
29392
8437
13044
22427
2135
8001
9880
29965
1433
11940
15306
18063
19883
18403
5772
7457
11927
18011
29201
15000
3549
30842
13634
2590
25838
68
22330
10416
3503
976
5065
15774
24316
11720
28661
8974
6434
32236
3700
24186
8804
27024
21556
26925
4983
19482
23763
18634
5126
10117
16167
30662
1838
13537
8631
7656
2051
17616
8000
6352
13834
28682
31537
21613
20925
6106
9775
29573
10506
13983
4754
18482
21460
76
22758
7263
16496
21224
11371
19023
4137
30478
8086
9494
17341
12398
14478
12574
14302
7755
21935
11427
29106
27644
25098
26679
15187
20843
23011
28480
4175
25496
7985
117
23081
13591
7714
22116
31959
18061
16789
16367
13122
18231
14238
2250
15305
9572
1542
12798
21694
28406
28360
31338
2279
484
9364
14141
19454
3259
20304
31869
26418
24345
24722
5507
13732
2609
14375
19836
12523
20810
6288
2026
19856
27199
27520
10529
10130
3584
22111
20170
32483
22799
7881
22628
1001
31749
24336
16318
29695
15371
2742
16766
1522
17249
17140
21917
9860
16858
31542
30696
1260
23901
28060
16512
28499
29286
24442
19547
32601
9348
13785
30146
5774
16088
23028
23761
11001
25756
28092
16378
25493
4506
20565
9345
1231
27312
29335
20225
11529
24147
31629
3046
24858
5384
15609
18418
26828
12781
30670
30905
31580
25390
28853
21796
15358
17041
21641
24049
1622
1515
27866
13873
2816
32680
9326
19401
15369
28487
23483
20465
2420
8667
3438
32696
28086
25227
17128
15487
19001
15122
22715
29817
5085
1088
4913
23346
20339
18040
710
29189
24128
27185
14505
24739
6784
14453
19263
7571
17377
11108
10912
26285
15363
3762
17688
2462
4862
28708
31655
31847
25564
24599
26242
17885
283
506
27024
13867
28973
27855
6381
28491
15096
23470
28010
15761
598
11842
18699
16417
29845
14665
19335
24947
1272
26392
30412
8150
31029
10261
9080
9706
17909
13116
17762
13093
15191
5786
15
21583
365
6101
2877
27653
25789
25762
26459
2874
29377
4941
25103
6578
26215
29493
27311
20101
25746
11598
14024
30882
2200
13469
13979
5961
16578
1727
22938
17039
31439
15458
8944
25566
8305
27082
3574
15987
25551
20302
17086
18398
23553
23000
6796
20614
29079
29545
29784
31778
6930
9107
22862
2625
26984
32764
29006
28355
25733
27874
18285
14941
14277
11665
24177
21273
11899
17647
5465
31955
110
9713
23507
12734
28246
13347
14019
19165
11875
5156
5315
30858
10422
19495
29341
2803
998
13427
20435
2712
381
14308
29464
8398
10872
25704
32468
20543
19403
19330
21924
32103
17114
13003
20184
18201
6657
5228
15091
12024
29965
28582
14383
4606
19904
26954
22262
28920
81
15425
3689
2312
10218
31237
221
15394
19241
6949
4185
18832
22687
24517
17177
22126
29524
28
30735
17966
3905
11509
27485
25366
24020
24623
2779
22205
2672
32061
6807
29329
18154
16806
10576
18516
10253
1413
21755
4762
21014
19466
24382
27980
30009
9208
4600
24105
6683
22565
29623
11584
15958
28669
19519
3447
16632
32767
30986
5383
7940
19007
4546
1533
32751
12002
23753
26299
4644
27813
5042
27253
14209
12630
30661
10676
472
31321
13951
10966
32623
17701
7696
14988
22400
4036
8667
5211
14010
10583
12025
23324
3006
21136
20662
24956
5026
11830
9491
17021
13937
420
8514
18931
13225
17738
9773
11527
7868
1322
25840
4791
11153
4444
4954
27732
19200
32395
28784
7683
5976
30326
6378
30525
4317
22640
11188
31567
10818
10720
15982
31194
9524
22210
8684
30548
16079
16932
30391
25989
11302
9898
4490
11275
26303
18186
12246
215
18709
28305
31806
4270
31509
16796
25372
30632
11937
24096
14074
2484
11280
19490
9498
27411
11947
15935
31215
30936
4401
8742
13729
367
19029
281
28813
19730
14651
12400
4035
30293
16895
21014
18822
4764
14894
9482
31183
10911
9546
9695
18122
749
16714
32572
5464
13414
25368
19036
19851
5312
8977
8079
28461
28419
22921
30392
30266
3085
27460
22477
3937
2831
26110
23386
7303
2573
27876
31486
2372
7778
29977
12781
28515
7482
21042
28012
2918
13334
4794
19800
257
20811
11439
13471
28570
23683
31234
10693
22223
16187
1307
1889
19184
15683
9555
31902
31105
7490
27512
23994
32185
8495
24141
17546
1286
20185
1799
244
17286
2144
19921
22899
14479
29881
9801
7063
17193
14382
3073
31874
1678
31964
20223
18797
7857
19251
12349
26657
9396
12922
20009
10110
880
16712
24870
24567
7153
19980
18441
25619
14840
3974
25758
16622
22647
1355
18465
20150
13848
12357
12229
4399
14775
6960
20784
26671
9955
13087
30460
4131
8801
28661
27959
29320
1705
19692
15844
18035
2150
4370
15737
265
11002
26566
26463
5639
1273
18752
2677
2108
21673
13062
17806
18954
25736
12408
21486
28137
16326
13125
10704
9956
14023
15347
24803
6426
13218
21083
29896
31294
24228
20011
20374
535
4814
28515
9814
11008
8787
18136
9608
17001
27419
28339
28060
18773
15171
4851
24441
9434
1434
18919
14586
7845
26150
15541
364
13683
30365
8150
17937
15768
29420
31639
9888
20860
11699
17562
12739
4633
21703
17491
4503
14206
1455
20876
2095
29007
12839
22753
15378
5955
21664
13636
21689
10660
29886
22650
26386
8659
31705
17308
12799
4802
22908
20375
10967
6520
30697
17837
23012
7568
148
18417
1764
25018
28835
2511
13704
25656
32116
22658
29176
3938
18711
29596
27981
14883
26320
13698
27157
30842
12182
3053
30931
15355
26262
16490
1148
17483
11697
4314
12027
24487
18938
6131
32174
31581
14393
1470
21990
1105
4459
10263
18795
6009
16191
17200
13046
610
154
14861
8885
5033
15892
1801
6859
15235
11898
1104
7118
31797
19274
1123
327
10909
5433
15000
11829
32423
10416
29592
2442
29656
8779
7646
19116
31175
21337
8766
5621
29855
18014
3164
26931
3487
5012
817
22569
21402
1382
4490
6413
11127
3316
16008
24840
4274
1682
30241
4281
9689
20040
16797
12466
5391
9300
20506
15865
16525
24995
20232
18057
17180
31836
4782
21966
16540
23637
3748
12588
1665
32668
7766
25721
31824
28399
7559
7807
25638
580
20684
23931
27442
30018
7693
27552
2614
19398
5384
11156
13833
1631
18381
13554
24600
9938
29507
16583
18145
1175
30626
26133
5751
29018
8438
9811
22785
11644
16290
18922
14138
11407
4315
3258
2290
10717
30505
6803
13707
3297
745
23484
25725
7628
19150
4464
32211
2562
5211
16988
31405
14491
19563
30499
1468
28387
20393
18138
27592
17625
792
13195
23597
27060
15501
22198
31065
14425
31536
24011
14672
7142
28670
22194
5673
17451
22090
19524
3726
10795
7223
13007
30271
25760
23359
9365
5776
19572
8368
28238
7911
29000
1578
27554
25919
24049
6690
13231
30376
11510
6242
5513
30660
27924
29318
25781
21835
21946
10369
5549
17544
19342
28950
10847
5082
13542
12895
28334
19252
7759
19018
1263
7325
12041
10006
17005
9392
28040
12251
23526
31518
21493
31999
25100
4903
13483
24770
3589
27685
28347
16307
24043
4609
29289
14648
332
28091
5549
8202
5547
26087
14514
17079
13054
20266
14938
1054
18478
11457
15544
17398
18330
16635
14741
5960
9108
28090
26348
20720
6882
25846
27502
23072
21822
10553
25342
23261
20439
24100
13109
12929
6606
26857
12256
16439
24761
24783
3965
31617
19748
20401
12226
23733
12043
17023
10774
5500
31329
10683
14358
6482
5004
2558
26641
30217
27623
31857
8588
31814
28222
32596
31167
14338
15190
5754
22550
14602
13922
15306
27313
11136
24975
8128
27365
16472
2681
14827
12728
26075
18100
10604
7273
20519
16452
25981
16614
20909
21029
15848
29267
946
29891
11147
5514
16079
31363
28891
17814
25457
7225
2654
18486
29273
21935
28463
21088
29981
4645
8573
7356
13990
10443
3853
18469
19376
10569
16820
4652
27468
30776
24542
22932
5985
15270
32010
29398
5415
6037
14923
19614
13739
14972
14024
25677
28238
14789
20540
2678
16710
15950
13176
30561
30235
232
15580
12170
8747
5851
10466
14371
295
3680
5267
7054
7572
23333
19983
15844
18762
4813
29962
369
26104
31085
27465
15157
32158
24080
5417
30564
11026
18228
27161
3559
21116
28491
21787
1753
10714
4411
25927
20235
4477
1246
20040
15489
15497
11138
14556
25330
10617
11370
25432
14412
27289
331
4642
2350
16010
21200
20534
15724
30913
9495
32673
27790
14856
21554
14857
16977
30972
24743
291
13093
23182
3057
16187
173
23170
17660
6064
3650
17395
25772
1910
1393
31180
14935
21906
19064
3920
26694
21409
16589
12436
4152
28241
24471
23296
20447
3558
5682
26065
3425
18103
176
23194
5081
22958
27731
7614
32723
1228
11284
26360
31700
9123
15647
2515
19663
8153
15188
3634
11953
12716
9671
6345
214
28776
29505
9122
17041
13043
30397
1690
24489
16450
5100
20449
19670
20449
17330
27774
29768
23151
26790
8392
29216
14879
29590
20717
8437
6968
22528
6511
30289
15510
20634
14242
12081
39
29644
16944
19593
19310
6193
12694
24509
14340
2329
14500
10025
5138
2826
27904
31386
13017
12346
16291
2002
3370
32022
17755
24328
12782
23742
20296
20326
1695
25991
21343
5002
22476
28024
9449
19973
14745
28366
32005
21983
14397
15480
21282
21265
22659
1691
1414
11017
26698
12047
20938
15657
7941
28128
7516
28489
3643
17870
3579
2608
25095
18637
29246
26143
29081
11398
31246
26439
8116
11988
16167
19022
2862
19016
7579
16590
3955
15013
23631
24021
5378
20837
9596
21094
12783
6707
20272
31222
6751
20334
29642
14064
24847
7852
23169
7986
1997
15669
12254
30862
24573
19587
3645
1354
15126
3785
22096
8352
27426
27497
22428
11070
4930
17276
18682
18375
18472
5711
4375
26449
155
30176
24308
9701
22006
19301
4711
30466
5289
27589
29848
8730
7350
31772
16518
3859
4661
9787
31615
25288
24017
7462
7595
27525
32073
29077
2690
23950
9200
13940
22865
24473
11053
30051
28090
26447
21244
29494
24624
26064
21099
17526
13951
17452
14366
12766
27714
12266
6859
27871
19306
14212
6591
5149
5310
14057
11607
2031
30806
5115
18312
3811
24095
19214
17495
18999
32346
19311
10849
31329
18973
9178
15189
5001
9168
32515
21621
8713
26545
28686
7961
32500
17489
3863
4396
21644
25364
26027
15789
29386
24757
11084
29999
29659
5568
20977
13913
12445
12054
25220
28262
1318
5741
10594
2470
25916
10957
13023
21500
16606
18708
6079
10590
14522
9330
6590
30296
8885
28398
4105
2185
24167
20959
9155
12069
31132
13940
23681
11121
9428
24109
31950
29002
30659
19296
11943
14238
1490
31157
0
22769
17052
26281
12094
986
13938
27151
18363
15236
727
24202
3653
10285
14085
6677
15775
14250
29798
13948
4862
3553
25372
10720
10893
17741
30330
12086
11242
32638
392
32456
18087
17814
7043
22194
32457
14542
21594
21351
18764
4847
14642
6186
30878
30425
10468
18326
